926,927,928,929,930
646,647,648,649,650,651,652,653,654,655,656,657,658,659,660
488,489,490,491,492,493,494,495
31,32,33,34,35,36,37,38,39,40,41,42,43,44,45
169,170,171,172,173,174,175,176,177,178,179,180
419,420
455,456,457,458,459,460,461,462,463,464,465
883,884,885
241,242,243,244,245,246,247,248,249,250,251,252,253,254,255
786,787,788,789,790,791,792,793,794,795
137,138,139,140,141,142,143,144,145,146,147,148,149,150
912,913,914,915
81,82,83,84,85,86,87,88,89,90
256,257,258,259,260,261,262,263,264,265,266,267,268,269,270
450
649,650,651,652,653,654,655,656,657,658,659,660
194,195
825
739,740,741,742,743,744,745,746,747,748,749,750
805,806,807,808,809,810
395,396,397,398,399,400,401,402,403,404,405
358,359,360
351,352,353,354,355,356,357,358,359,360
575,576,577,578,579,580,581,582,583,584,585
1,2,3,4,5,6,7,8,9,10,11,12,13,14,15
